00001
00003
00004
00005
00006
00007
00009
00010
00011
00012
00015
00016
00018
00019
00020
00021
00023
00026
00027
00028
00029
00034
00036
00037
00038
00039
00040
00043
00046
00047
00049
00053
00056
00057
00058
00060
00062
00063
00064
00066
00068
00071
00072
00073
00074
00075
00077
00080
00081
00082
00083
00086
00088
00089
00090
00098
00099
00100
00101
00103
00104
00105
00107
00110
00112
00113
00114
00115
00117
00118
00119
00120
00122
00123
00124
00125
00129
00130
00131
00132
00133
00135
00137
00139
00140
00141
00144
00148
00150
00151
00152
00153
00155
00156
00159
00163
00164
00166
00167
00168
00169
00170
00171
00172
00174
00175
00176
00177
00180
00181
00182
00184
00185
00186
00188
00189
00190
00191
00193
00196
00198
00200
00202
00203
00204
00205
00206
00207
00208
00209
00210
00211
00212
00214
00216
00217
00220
00222
00223
00224
00226
00228
00229
00233
00235
00237
00238
00239
00241
00242
00243
00244
00247
00248
00249
00252
00253
00255
00256
00258
00259
00261
00262
00263
00264
00266
00267
00268
00269
00271
00272
00275
00276
00277
00278
00279
00280
00283
00286
00287
00290
00291
00292
00294
00295
00296
00297
00298
00299
00300
00301
00302
00303
00305
00307
00308
00310
00311
00312
00313
00314
00317
00319
00323
00325
00326
00327
00328
00332
00333
00334
00335
00337
00338
00339
00340
00341
00342
00343
00346
00347
00348
00349
00350
00351
00352
00355
00356
00357
00358
00359
00360
00361
00362
00363
00364
00365
00367
00368
00369
00370
00371
00372
00374
00375
00378
00380
00381
00382
00383
00384
00387
00389
00390
00391
00392
00393
00394
00395
00397
00398
00400
00403
00404
00405
00406
00407
00409
00410
00411
00412
00413
00419
00420
00421
00423
00426
00427
00430
00431
00432
00434
00437
00439
00441
00443
00444
00446
00447
00450
00452
00455
00456
00459
00460
00466
00467
00468
00469
00472
00473
00474
00476
00477
00478
00479
00480
00481
00482
00483
00484
00486
00488
00492
00493
00494
00497
00498
00499
00502
00506
00507
00508
00509
00512
00513
00515
00517
00518
00520
00521
00522
00524
00526
00527
00529
00536
00538
00543
00544
00545
00546
00548
00549
00551
00552
00553
00554
00555
00558
00559
00560
00562
00563
00566
00569
00570
00572
00574
00575
00576
00577
00578
00579
00581
00582
00586
00587
00588
00589
00590
00592
00593
00594
00596
00597
00599
00600
00601
00602
00603
00604
00605
00606
00608
00612
00613
00614
00616
00620
00621
00623
00626
00627
00630
00631
00632
00634
00635
00637
00645
00646
00649
00650
00651
00654
00656
00657
00658
00659
00661
00663
00664
00665
00666
00667
00669
00670
00671
00672
00675
00676
00677
00679
00680
00681
00683
00685
00686
00687
00688
00689
00691
00696
00697
00698
00699
00700
00701
00702
00703
00705
00706
00707
00708
00709
00710
00711
00712
00713
00714
00716
00718
00719
00720
00723
00724
00726
00727
00731
00732
00733
00735
00740
00741
00742
00743
00744
00746
00747
00749
00751
00752
00753
00756
00757
00758
00759
00762
00763
00764
00767
00771
00773
00774
00775
00777
00779
00781
00782
00783
00787
00788
00790
00791
00793
00794
00795
00796
00799
00800
00803
00804
00805
00806
00807
00808
00809
00810
00811
00812
00813
00814
00815
00816
00817
00818
00819
00820
00821
00822
00826
00827
00829
00830
00831
00834
00835
00836
00837
00838
00840
00841
00842
00844
00845
00848
00850
00855
00856
00857
00859
00860
00862
00863
00864
00865
00866
00867
00868
00869
00874
00877
00878
00879
00880
00881
00882
00883
00885
00886
00887
00890
00891
00893
00895
00896
00897
00898
00901
00902
00903
00904
00905
00907
00909
00910
00911
00913
00914
00915
00916
00918
00919
00922
00923
00924
00925
00927
00928
00929
00931
00932
00933
00934
00935
00936
00937
00938
00940
00942
00943
00948
00949
00950
00951
00952
00954
00955
00956
00957
00962
00963
00964
00966
00967
00969
00970
00972
00973
00974
00975
00976
00977
00978
00980
00981
00982
00983
00987
00989
00991
00992
00993
00995
00996
00998
00999
01000
01004
01007
01008
01010
01011
01012
01015
01016
01017
01018
01020
01022
01023
01024
01025
01027
01029
01030
01031
01032
01033
01034
01035
01036
01037
01039
01040
01041
01042
01045
01046
01047
01048
01049
01050
01051
01052
01053
01055
01057
01058
01059
01060
01062
01063
01064
01065
01066
01069
01071
01073
01075
01076
01079
01080
01081
01082
01083
01084
01086
01089
01090
01092
01094
01095
01098
01099
01100
01101
01102
01103
01104
01106
01107
01109
01110
01111
01112
01113
01114
01115
01116
01117
01119
01120
01121
01124
01125
01126
01127
01131
01132
01134
01136
01137
01138
01140
01141
01145
01148
01149
01150
01152
01155
01156
01157
01158
01160
01162
01164
01167
01168
01170
01174
01176
01178
01179
01181
01182
01183
01184
01186
01188
01189
01191
01192
01193
01194
01198
01200
01201
01202
01203
01204
01205
01206
01207
01208
01209
01213
01216
01217
01218
01220
01221
01222
01225
01226
01228
01231
01232
01233
01235
01237
01238
01239
01240
01242
01244
01245
01246
01247
01248
01249
01250
01252
01253
01255
01256
01257
01259
01261
01263
01265
01268
01269
01270
01271
01272
01273
01274
01275
01276
01277
01278
01279
01280
01281
01282
01283
01284
01286
01288
01289
01290
01291
01292
01294
01298
01299
01300
01302
01303
01305
01307
01311
01314
01315
01318
01319
01321
01324
01327
01328
01331
01332
01333
01334
01335
01336
01338
01339
01342
01343
01345
01346
01348
01349
01351
01352
01353
01354
01358
01363
01365
01366
01367
01369
01370
01371
01372
01373
01374
01375
01376
01377
01378
01380
01381
01384
01386
01390
01392
01393
01394
01397
01398
01399
01400
01402
01403
01404
01405
01407
01410
01411
01412
01413
01416
01417
01418
01419
01420
01421
01422
01425
01426
01427
01428
01429
01431
01432
01433
01434
01435
01437
01438
01439
01443
01446
01447
01449
01450
01451
01453
01454
01460
01461
01463
01464
01465
01468
01472
01473
01475
01477
01480
01481
01483
01484
01486
01487
01488
01490
01491
01493
01494
01495
01496
01497
01500
01501
01503
01505
01507
01508
01509
01511
01512
01515
01517
01519
01520
01522
01525
01526
01527
01529
01530
01531
01532
01534
01536
01537
01538
01539
01541
01542
01543
01544
01546
01548
01549
01550
01551
01552
01553
01554
01556
01557
01559
01562
01563
01565
01566
01567
01568
01569
01570
01571
01572
01573
01574
01575
01576
01577
01578
01580
01581
01582
01583
01584
01587
01588
01589
01590
01591
01592
01596
01599
01601
01602
01603
01604
01605
01608
01609
01610
01614
01617
01619
01621
01622
01624
01625
01626
01627
01628
01629
01630
01631
01632
01634
01635
01636
01638
01639
01644
01645
01649
01651
01652
01654
01655
01659
01660
01662
01664
01667
01668
01671
01673
01674
01676
01677
01679
01680
01682
01683
01684
01688
01690
01691
01693
01695
01696
01697
01698
01699
01700
01702
01704
01705
01706
01709
01713
01715
01716
01717
01719
01720
01721
01722
01724
01725
01726
01727
01728
01730
01733
01735
01736
01737
01739
01744
01745
01748
01749
01750
01751
01752
01753
01754
01756
01757
01758
01759
01760
01762
01763
01764
01765
01766
01767
01768
01769
01771
01776
01777
01779
01780
01781
01783
01784
01786
01787
01789
01790
01791
01792
01793
01794
01795
01796
01797
01798
01799
01801
01803
01804
01806
01807
01811
01813
01814
01816
01817
01818
01821
01823
01824
01826
01827
01829
01831
01832
01835
01836
01837
01838
01841
01842
01843
01845
01851
01853
01854
01855
01857
01859
01860
01861
01862
01865
01866
01868
01869
01870
01872
01873
01874
01875
01876
01877
01878
01881
01887
01888
01889
01890
01891
01892
01893
01894
01896
01898
01900
01901
01903
01906
01908
01909
01910
01911
01914
01915
01919
01921
01922
01924
01925
01926
01928
01929
01930
01931
01932
01933
01934
01936
01937
01938
01939
01940
01942
01943
01944
01945
01946
01948
01949
01950
01951
01952
01953
01954
01955
01956
01957
01958
01959
01960
01961
01962
01963
01965
01966
01967
01969
01970
01971
01974
01975
01977
01979
01981
01983
01984
01985
01986
01987
01988
01990
01991
01992
01995
01998
02000
02001
02002
02003
02004
02005
02006
02007
02008
02010
02012
02014
02015
02016
02017
02020
02021
02022
02023
02024
02025
02027
02028
02030
02031
02032
02036
02039
02040
02041
02043
02047
02049
02050
02052
02054
02055
02059
02060
02061
02062
02063
02064
02065
02066
02070
02073
02074
02075
02076
02077
02079
02081
02082
02083
02085
02086
02087
02088
02089
02091
02092
02094
02096
02098
02099
02101
02102
02103
02107
02108
02109
02110
02111
02112
02113
02115
02117
02118
02119
02120
02121
02122
02123
02124
02125
02127
02129
02130
02131
02132
02133
02134
02135
02138
02139
02143
02144
02145
02147
02148
02149
02150
02151
02153
02154
02157
02162
02163
02164
02165
02167
02168
02170
02175
02176
02177
02178
02179
02180
02181
02183
02185
02187
02189
02190
02193
02194
02195
02196
02197
02198
02199
02201
02204
02206
02208
02210
02212
02213
02215
02216
02220
02223
02225
02226
02228
02229
02230
02231
02234
02235
02238
02239
02240
02241
02243
02244
02245
02246
02248
02249
02250
02252
02253
02256
02258
02259
02260
02261
02262
02263
02264
02265
02266
02268
02269
02270
02271
02274
02275
02276
02278
02280
02281
02283
02284
02286
02289
02290
02294
02295
02296
02297
02298
02302
02306
02307
02309
02310
02311
02313
02314
02315
02316
02318
02319
02320
02321
02322
02323
02324
02325
02326
02327
02330
02331
02335
02336
02337
02338
02339
02341
02343
02345
02346
02348
02349
02351
02353
02355
02356
02357
02358
02359
02360
02361
02362
02363
02364
02366
02367
02369
02371
02372
02374
02376
02377
02378
02380
02381
02382
02383
02384
02385
02389
02391
02393
02395
02397
02398
02399
02400
02401
02402
02403
02404
02406
02408
02411
02412
02413
02414
02416
02417
02420
02421
02422
02423
02424
02428
02429
02431
02432
02433
02434
02437
02438
02441
02442
02443
02446
02447
02448
02449
02450
02451
02452
02455
02461
02462
02463
02466
02467
02468
02471
02474
02479
02480
02483
02485
02486
02489
02490
02494
02496
02498
02499
02501
02503
02504
02506
02507
02508
02510
02511
02513
02515
02516
02517
02518
02519
02520
02522
02524
02525
02527
02528
02533
02534
02535
02536
02537
02539
02540
02541
02542
02546
02548
02553
02554
02556
02557
02558
02562
02563
02564
02565
02567
02568
02569
02571
02573
02575
02578
02579
02580
02581
02582
02584
02586
02588
02589
02590
02592
02594
02597
02600
02601
02602
02603
02604
02605
02606
02607
02608
02612
02614
02616
02618
02619
02620
02621
02622
02623
02625
02627
02628
02629
02630
02632
02633
02635
02637
02638
02639
02640
02643
02644
02646
02647
02648
02649
02650
02653
02655
02656
02660
02661
02662
02664
02665
02666
02668
02670
02671
02672
02675
02676
02681
02683
02684